0 0.07109375 0.3703125 0.08828125 0.1234375
0 0.05625 0.49609375 0.09765625 0.128125
0 0.13984375 0.50390625 0.08203125 0.1375
0 0.30859375 0.446875 0.096875 0.13125
0 0.2703125 0.56875 0.10078125 0.15625
0 0.0703125 0.678125 0.090625 0.14296875
0 0.15234375 0.7125 0.09375 0.125
0 0.14921875 0.8265625 0.1015625 0.109375
0 0.06875 0.809375 0.07578125 0.11796875
0 0.29296875 0.69765625 0.0890625 0.115625
0 0.23203125 0.7796875 0.07890625 0.10703125
0 0.22109375 0.34921875 0.0921875 0.1375
0 0.17109375 0.2640625 0.08984375 0.11171875
0 0.2921875 0.2421875 0.08359375 0.12109375
0 0.2078125 0.2328125 0.078125 0.1234375
0 0.0703125 0.271875 0.07578125 0.11875
0 0.82890625 0.684375 0.08359375 0.12578125
0 0.77578125 0.746875 0.075 0.115625
0 0.6796875 0.79765625 0.075 0.11328125
0 0.634375 0.92890625 0.0921875 0.1421875
0 0.73359375 0.87578125 0.0859375 0.12109375
0 0.9015625 0.8921875 0.09140625 0.12578125
0 0.94765625 0.8171875 0.08984375 0.12578125
0 0.83984375 0.79765625 0.075 0.1140625
0 0.8046875 0.94375 0.0796875 0.11171875
0 0.89140625 0.32578125 0.06640625 0.10390625
0 0.86640625 0.24765625 0.0734375 0.11171875
0 0.96875 0.23125 0.0625 0.10625
0 0.871875 0.1515625 0.07265625 0.10625
0 0.6671875 0.09609375 0.06875 0.10703125
0 0.56171875 0.14609375 0.0625 0.109375
0 0.61875 0.1578125 0.06171875 0.0984375
0 0.66484375 0.215625 0.075 0.10625
0 0.47109375 0.19140625 0.06328125 0.10078125
0 0.5 0.10859375 0.06484375 0.07890625
0 0.94765625 0.36171875 0.06015625 0.09921875
0 0.96953125 0.50625 0.0609375 0.121875