1 0.12890625 0.16875 0.21953125 0.31015625
1 0.31171875 0.17890625 0.309375 0.2921875
1 0.1640625 0.4046875 0.30078125 0.309375
1 0.41875 0.415625 0.26953125 0.3796875
1 0.609375 0.1703125 0.25859375 0.3390625
1 0.890625 0.1453125 0.2109375 0.26953125
1 0.9140625 0.421875 0.17109375 0.31484375
1 0.1875 0.66875 0.20546875 0.28359375
1 0.31953125 0.7953125 0.23203125 0.38125
1 0.12109375 0.8515625 0.234375 0.28828125
1 0.553125 0.5671875 0.259375 0.36796875
1 0.53359375 0.8625 0.25859375 0.265625
1 0.771875 0.721875 0.19921875 0.32421875
1 0.91484375 0.79765625 0.16953125 0.4046875