1 0.1109375 0.13984375 0.21875 0.26328125
1 0.27265625 0.309375 0.2328125 0.42734375
1 0.490625 0.29453125 0.2140625 0.47421875
1 0.74609375 0.12890625 0.2453125 0.246875
1 0.93359375 0.10703125 0.1328125 0.1859375
1 0.70859375 0.353125 0.21484375 0.509375
1 0.915625 0.47421875 0.16875 0.54765625
1 0.09921875 0.8890625 0.19609375 0.221875
1 0.2734375 0.7625 0.209375 0.475
1 0.47578125 0.73125 0.17890625 0.4109375
1 0.6859375 0.7984375 0.22265625 0.403125
1 0.90390625 0.88203125 0.1921875 0.2359375