1 0.16171875 0.0640625 0.2140625 0.125
1 0.37109375 0.20390625 0.2453125 0.39609375
1 0.63515625 0.1 0.2765625 0.1890625
1 0.74921875 0.3421875 0.2640625 0.40625
1 0.89453125 0.140625 0.20859375 0.2703125
1 0.93828125 0.48046875 0.1234375 0.40234375
1 0.10390625 0.33046875 0.1921875 0.4375
1 0.27890625 0.5796875 0.24921875 0.40703125
1 0.546875 0.4984375 0.26796875 0.4609375
1 0.7734375 0.71640625 0.2296875 0.34296875
1 0.91953125 0.83984375 0.1609375 0.3140625
1 0.71484375 0.93828125 0.26328125 0.11875
1 0.4453125 0.84140625 0.296875 0.3171875
1 0.08671875 0.7609375 0.1671875 0.396875
1 0.203125 0.928125 0.25 0.14375