1 0.28984375 0.33515625 0.1546875 0.10546875
1 0.1734375 0.459375 0.19375 0.10390625
1 0.13984375 0.5484375 0.2296875 0.08125
1 0.1390625 0.63828125 0.23125 0.09921875
1 0.278125 0.7859375 0.22109375 0.1515625
1 0.378125 0.8328125 0.1953125 0.1765625
1 0.51328125 0.84921875 0.125 0.1859375
1 0.6515625 0.84296875 0.1890625 0.1890625
1 0.8046875 0.8140625 0.20625 0.18125
1 0.92265625 0.71640625 0.1546875 0.1546875
1 0.93671875 0.49453125 0.11640625 0.11875
1 0.9015625 0.3984375 0.16171875 0.1046875
1 0.825 0.34609375 0.171875 0.11953125
1 0.709375 0.30390625 0.13984375 0.12890625
1 0.590625 0.28671875 0.13984375 0.125
1 0.48046875 0.2890625 0.15546875 0.1140625
1 0.58125 0.540625 0.20234375 0.13203125
1 0.71328125 0.68125 0.1765625 0.1234375
1 0.79375 0.53984375 0.16796875 0.121875
1 0.415625 0.41953125 0.19375 0.08203125
1 0.3859375 0.65390625 0.18359375 0.14609375
1 0.490625 0.696875 0.1640625 0.12421875