1 0.13828125 0.23046875 0.22421875 0.3625
1 0.33984375 0.16171875 0.23046875 0.3125
1 0.5109375 0.384375 0.2265625 0.3875
1 0.62734375 0.1984375 0.22890625 0.3609375
1 0.8375 0.2015625 0.24609375 0.3796875
1 0.71953125 0.60546875 0.26328125 0.41796875
1 0.09453125 0.63125 0.1875 0.4078125
1 0.22109375 0.4140625 0.2046875 0.3734375
1 0.3640625 0.67109375 0.24296875 0.353125
1 0.7203125 0.59140625 0.25390625 0.44609375
1 0.17421875 0.87109375 0.23203125 0.25546875
1 0.55859375 0.8265625 0.240625 0.346875
1 0.75078125 0.90546875 0.1765625 0.1890625