1 0.25546875 0.08359375 0.2046875 0.1625
1 0.4265625 0.06484375 0.15625 0.11171875
1 0.596875 0.09921875 0.18359375 0.18359375
1 0.76875 0.246875 0.19453125 0.30234375
1 0.93203125 0.3828125 0.1359375 0.309375
1 0.9046875 0.13125 0.18984375 0.24453125
1 0.09921875 0.41171875 0.18828125 0.32109375
1 0.3203125 0.48046875 0.19296875 0.31875
1 0.53828125 0.26015625 0.2171875 0.26484375
1 0.66953125 0.51171875 0.2140625 0.28359375
1 0.86328125 0.51875 0.16484375 0.21875
1 0.80546875 0.74921875 0.2078125 0.29296875
1 0.59375 0.7859375 0.20625 0.26484375
1 0.33984375 0.84921875 0.20625 0.26953125
1 0.134375 0.671875 0.18203125 0.246875
1 0.17890625 0.92734375 0.2109375 0.1453125