3 0.0625 0.08515625 0.121875 0.16484375
3 0.26015625 0.071875 0.23671875 0.1390625
3 0.4375 0.14375 0.2453125 0.2828125
3 0.7125 0.11796875 0.2546875 0.23125
3 0.91171875 0.11328125 0.1765625 0.221875
3 0.04140625 0.31484375 0.0796875 0.328125
3 0.1953125 0.23359375 0.24140625 0.33046875
3 0.4390625 0.4484375 0.26484375 0.35859375
3 0.684375 0.375 0.26171875 0.35859375
3 0.90625 0.37421875 0.1875 0.3265625
3 0.146875 0.546875 0.26015625 0.33515625
3 0.0609375 0.79375 0.11796875 0.4125
3 0.69765625 0.640625 0.25859375 0.3796875
3 0.8921875 0.8109375 0.21484375 0.37734375
3 0.22578125 0.84921875 0.26484375 0.3015625
3 0.4859375 0.8203125 0.2625 0.359375
3 0.7203125 0.91953125 0.28671875 0.16015625
3 0.33203125 0.6640625 0.196875 0.24765625
3 0.5125 0.6 0.2046875 0.21953125
3 0.83515625 0.56640625 0.16328125 0.38203125