3 0.6046875 0.1140625 0.228125 0.1265625
3 0.8578125 0.11171875 0.2296875 0.1296875
3 0.86953125 0.36015625 0.22265625 0.1484375
3 0.86484375 0.59140625 0.22421875 0.140625
3 0.8765625 0.8671875 0.2171875 0.16484375
3 0.6109375 0.34609375 0.221875 0.1546875
3 0.6015625 0.6046875 0.2296875 0.13359375
3 0.6109375 0.86015625 0.23515625 0.140625
3 0.31328125 0.103125 0.10546875 0.08828125
3 0.3046875 0.6546875 0.09609375 0.0859375
3 0.3453125 0.5765625 0.10390625 0.0640625
3 0.2109375 0.6296875 0.10234375 0.0640625
3 0.12421875 0.85 0.07265625 0.053125
3 0.3296875 0.85390625 0.09453125 0.053125
3 0.2875 0.92734375 0.0828125 0.0640625